α = 1e-4       1e-5           1e-6           1e-7           1e-8           1e-9           1e-10          1e-11          1e-12          1e-13          1e-14          1e-15
6.13149925e-01 5.68424129e-01 5.62234600e-01 5.67601310e-01 5.76715291e-01 5.79058962e-01 5.78971191e-01 5.77786229e-01 5.77123884e-01 5.77135286e-01 5.78493363e-01 5.88966896e-01
6.12647943e-01 5.68549799e-01 5.62424746e-01 5.67574582e-01 5.76348407e-01 5.78606350e-01 5.78534328e-01 5.77433435e-01 5.76804725e-01 5.76647524e-01 5.75731784e-01 5.67638228e-01
6.12143723e-01 5.68667609e-01 5.62606862e-01 5.67544349e-01 5.75984940e-01 5.78158887e-01 5.78102160e-01 5.77085813e-01 5.76520152e-01 5.76561866e-01 5.77561668e-01 5.86907758e-01
6.11637318e-01 5.68777673e-01 5.62781057e-01 5.67510644e-01 5.75624796e-01 5.77716373e-01 5.77673914e-01 5.76736525e-01 5.76203939e-01 5.76110622e-01 5.76164082e-01 5.73194545e-01
6.11128778e-01 5.68880101e-01 5.62947441e-01 5.67473500e-01 5.75267900e-01 5.77278762e-01 5.77250080e-01 5.76390337e-01 5.75908743e-01 5.75952073e-01 5.76619224e-01 5.84558161e-01
6.10618154e-01 5.68975004e-01 5.63106119e-01 5.67432949e-01 5.74914164e-01 5.76845889e-01 5.76829981e-01 5.76041475e-01 5.75582272e-01 5.75399599e-01 5.74126542e-01 5.61950158e-01
6.10105493e-01 5.69062489e-01 5.63257198e-01 5.67389023e-01 5.74563519e-01 5.76417735e-01 5.76414352e-01 5.75699570e-01 5.75304489e-01 5.75366178e-01 5.76719526e-01 5.91448698e-01
6.09590845e-01 5.69142662e-01 5.63400782e-01 5.67341755e-01 5.74215877e-01 5.75994098e-01 5.76002183e-01 5.75353799e-01 5.74983800e-01 5.74925138e-01 5.74724513e-01 5.72595585e-01
6.09074257e-01 5.69215628e-01 5.63536973e-01 5.67291175e-01 5.73871169e-01 5.75574930e-01 5.75593916e-01 5.75010053e-01 5.74665268e-01 5.74526154e-01 5.73591007e-01 5.61278299e-01
6.08555775e-01 5.69281490e-01 5.63665873e-01 5.67237317e-01 5.73529319e-01 5.75160125e-01 5.75189339e-01 5.74666735e-01 5.74346094e-01 5.74086500e-01 5.72015920e-01 5.47444288e-01
6.08035446e-01 5.69340349e-01 5.63787580e-01 5.67180210e-01 5.73190259e-01 5.74749619e-01 5.74788735e-01 5.74327260e-01 5.74058722e-01 5.73926912e-01 5.73340787e-01 5.67221899e-01
6.07513313e-01 5.69392307e-01 5.63902194e-01 5.67119887e-01 5.72853915e-01 5.74343276e-01 5.74391659e-01 5.73988531e-01 5.73760245e-01 5.73745259e-01 5.73850106e-01 5.72899186e-01
6.06989422e-01 5.69437460e-01 5.64009810e-01 5.67056379e-01 5.72520218e-01 5.73941017e-01 5.73998102e-01 5.73650821e-01 5.73461956e-01 5.73545304e-01 5.74468239e-01 5.85098655e-01
6.06463816e-01 5.69475906e-01 5.64110525e-01 5.66989715e-01 5.72189098e-01 5.73542718e-01 5.73607639e-01 5.73311403e-01 5.73127694e-01 5.73005862e-01 5.71868381e-01 5.62150188e-01
6.05936538e-01 5.69507742e-01 5.64204431e-01 5.66919926e-01 5.71860496e-01 5.73148348e-01 5.73220848e-01 5.72975554e-01 5.72828115e-01 5.72757631e-01 5.72493569e-01 5.68348023e-01
6.05407629e-01 5.69533061e-01 5.64291623e-01 5.66847044e-01 5.71534343e-01 5.72757794e-01 5.72837359e-01 5.72640038e-01 5.72524291e-01 5.72499156e-01 5.72166449e-01 5.69866924e-01
6.04877132e-01 5.69551956e-01 5.64372191e-01 5.66771098e-01 5.71210576e-01 5.72370952e-01 5.72456919e-01 5.72304274e-01 5.72201130e-01 5.72026206e-01 5.70371172e-01 5.56751434e-01
6.04345086e-01 5.69564518e-01 5.64446225e-01 5.66692117e-01 5.70889138e-01 5.71987791e-01 5.72079990e-01 5.71972950e-01 5.71910845e-01 5.71949462e-01 5.72651550e-01 5.78487686e-01
6.03811532e-01 5.69570839e-01 5.64513815e-01 5.66610132e-01 5.70569962e-01 5.71608171e-01 5.71705864e-01 5.71639957e-01 5.71593035e-01 5.71519313e-01 5.70736512e-01 5.65499127e-01
6.03276510e-01 5.69571007e-01 5.64575047e-01 5.66525172e-01 5.70252996e-01 5.71232070e-01 5.71335095e-01 5.71310763e-01 5.71300937e-01 5.71415824e-01 5.72869337e-01 5.86863755e-01
6.02740057e-01 5.69565108e-01 5.64630008e-01 5.66437266e-01 5.69938178e-01 5.70859354e-01 5.70967105e-01 5.70980851e-01 5.70996041e-01 5.71148904e-01 5.72340753e-01 5.87496292e-01
6.02202212e-01 5.69553231e-01 5.64678783e-01 5.66346443e-01 5.69625450e-01 5.70489945e-01 5.70601756e-01 5.70648817e-01 5.70661147e-01 5.70544464e-01 5.69774065e-01 5.59447044e-01
6.01663012e-01 5.69535459e-01 5.64721457e-01 5.66252733e-01 5.69314763e-01 5.70123828e-01 5.70239637e-01 5.70321846e-01 5.70359273e-01 5.70343635e-01 5.70028934e-01 5.67594813e-01
6.01122495e-01 5.69511878e-01 5.64758111e-01 5.66156163e-01 5.69006062e-01 5.69760903e-01 5.69880268e-01 5.69995476e-01 5.70062309e-01 5.70110298e-01 5.70302996e-01 5.75967953e-01
6.00580695e-01 5.69482568e-01 5.64788828e-01 5.66056762e-01 5.68699292e-01 5.69401085e-01 5.69523703e-01 5.69670710e-01 5.69760074e-01 5.69888625e-01 5.71532168e-01 5.85939027e-01
6.00037649e-01 5.69447612e-01 5.64813687e-01 5.65954558e-01 5.68394403e-01 5.69044312e-01 5.69169786e-01 5.69346367e-01 5.69460098e-01 5.69702300e-01 5.72096944e-01 5.92754916e-01
5.99493392e-01 5.69407091e-01 5.64832768e-01 5.65849578e-01 5.68091341e-01 5.68690469e-01 5.68818061e-01 5.69019014e-01 5.69118293e-01 5.69031195e-01 5.67649433e-01 5.56840284e-01
5.98947957e-01 5.69361082e-01 5.64846150e-01 5.65741852e-01 5.67790065e-01 5.68339580e-01 5.68469353e-01 5.68697287e-01 5.68819266e-01 5.68814178e-01 5.68630360e-01 5.65722610e-01
5.98401380e-01 5.69309665e-01 5.64853910e-01 5.65631406e-01 5.67490523e-01 5.67991544e-01 5.68123317e-01 5.68377582e-01 5.68531162e-01 5.68749370e-01 5.70256354e-01 5.89261455e-01
5.97853692e-01 5.69252916e-01 5.64856123e-01 5.65518267e-01 5.67192663e-01 5.67646227e-01 5.67779134e-01 5.68052964e-01 5.68189061e-01 5.68060294e-01 5.66565461e-01 5.51980171e-01
5.97304927e-01 5.69190911e-01 5.64852865e-01 5.65402463e-01 5.66896449e-01 5.67303669e-01 5.67437870e-01 5.67734234e-01 5.67889648e-01 5.67868627e-01 5.67267538e-01 5.61099772e-01
5.96755117e-01 5.69123724e-01 5.64844209e-01 5.65284020e-01 5.66601831e-01 5.66963766e-01 5.67098881e-01 5.67416461e-01 5.67592061e-01 5.67643661e-01 5.68060209e-01 5.68852761e-01
5.96204293e-01 5.69051430e-01 5.64830229e-01 5.65162966e-01 5.66308766e-01 5.66626444e-01 5.66762265e-01 5.67099193e-01 5.67286763e-01 5.67363369e-01 5.68286364e-01 5.73259850e-01
5.95652487e-01 5.68974100e-01 5.64810996e-01 5.65039326e-01 5.66017210e-01 5.66291660e-01 5.66427796e-01 5.66782350e-01 5.66984938e-01 5.67118298e-01 5.68334900e-01 5.77958351e-01
5.95099728e-01 5.68891807e-01 5.64786582e-01 5.64913126e-01 5.65727121e-01 5.65959329e-01 5.66095469e-01 5.66465657e-01 5.66668932e-01 5.66692548e-01 5.66610303e-01 5.66829230e-01
5.94546048e-01 5.68804621e-01 5.64757057e-01 5.64784394e-01 5.65438463e-01 5.65629446e-01 5.65765583e-01 5.66151938e-01 5.66379186e-01 5.66537490e-01 5.67769052e-01 5.80531694e-01
5.93991476e-01 5.68712611e-01 5.64722489e-01 5.64653155e-01 5.65151191e-01 5.65301913e-01 5.65437679e-01 5.65838444e-01 5.66071389e-01 5.66256469e-01 5.67843983e-01 5.86042761e-01
5.93436040e-01 5.68615847e-01 5.64682947e-01 5.64519433e-01 5.64865265e-01 5.64976663e-01 5.65111624e-01 5.65523572e-01 5.65745619e-01 5.65762442e-01 5.65866002e-01 5.66732317e-01
5.92879769e-01 5.68514395e-01 5.64638497e-01 5.64383255e-01 5.64580651e-01 5.64653694e-01 5.64787873e-01 5.65211926e-01 5.65451296e-01 5.65516689e-01 5.66024080e-01 5.67414579e-01
5.92322692e-01 5.68408322e-01 5.64589207e-01 5.64244646e-01 5.64297310e-01 5.64332908e-01 5.64465978e-01 5.64900110e-01 5.65141608e-01 5.65107157e-01 5.64832719e-01 5.61075021e-01
5.91764837e-01 5.68297695e-01 5.64535141e-01 5.64103631e-01 5.64015204e-01 5.64014262e-01 5.64145890e-01 5.64587515e-01 5.64812249e-01 5.64604815e-01 5.62108451e-01 5.39764380e-01
5.91206229e-01 5.68182578e-01 5.64476365e-01 5.63960236e-01 5.63734307e-01 5.63697799e-01 5.63828469e-01 5.64283857e-01 5.64561734e-01 5.64850089e-01 5.67601876e-01 5.92652995e-01
5.90646896e-01 5.68063034e-01 5.64412941e-01 5.63814482e-01 5.63454568e-01 5.63383298e-01 5.63512092e-01 5.63973081e-01 5.64230617e-01 5.64333644e-01 5.64555015e-01 5.68529361e-01
5.90086865e-01 5.67939128e-01 5.64344932e-01 5.63666397e-01 5.63175962e-01 5.63070799e-01 5.63197579e-01 5.63662355e-01 5.63898072e-01 5.63706754e-01 5.60964528e-01 5.34423282e-01
5.89526161e-01 5.67810920e-01 5.64272401e-01 5.63516004e-01 5.62898463e-01 5.62760343e-01 5.62885680e-01 5.63361650e-01 5.63648169e-01 5.63922699e-01 5.66420843e-01 5.90212714e-01
5.88964810e-01 5.67678473e-01 5.64195408e-01 5.63363325e-01 5.62622020e-01 5.62451687e-01 5.62574419e-01 5.63050489e-01 5.63296542e-01 5.63058199e-01 5.60396317e-01 5.41459284e-01
5.88402836e-01 5.67541847e-01 5.64114014e-01 5.63208387e-01 5.62346618e-01 5.62144951e-01 5.62265425e-01 5.62746195e-01 5.62996412e-01 5.62803328e-01 5.60765192e-01 5.39969887e-01
5.87840265e-01 5.67401100e-01 5.64028277e-01 5.63051213e-01 5.62072222e-01 5.61840058e-01 5.61958383e-01 5.62444644e-01 5.62716189e-01 5.62747701e-01 5.62727353e-01 5.63449549e-01
5.87277120e-01 5.67256293e-01 5.63938258e-01 5.62891825e-01 5.61798800e-01 5.61536956e-01 5.61652972e-01 5.62144382e-01 5.62443183e-01 5.62742212e-01 5.65078300e-01 5.92847002e-01
5.86713425e-01 5.67107483e-01 5.63844013e-01 5.62730246e-01 5.61526319e-01 5.61235534e-01 5.61348729e-01 5.61841052e-01 5.62125547e-01 5.62288560e-01 5.63214022e-01 5.74614589e-01
5.86149204e-01 5.66954727e-01 5.63745600e-01 5.62566500e-01 5.61254754e-01 5.60935830e-01 5.61046304e-01 5.61539593e-01 5.61825280e-01 5.62020973e-01 5.63371456e-01 5.77842372e-01
5.85584479e-01 5.66798082e-01 5.63643074e-01 5.62400610e-01 5.60984073e-01 5.60637742e-01 5.60744925e-01 5.61235810e-01 5.61492570e-01 5.61341000e-01 5.59834723e-01 5.40718645e-01
5.85019274e-01 5.66637603e-01 5.63536493e-01 5.62232598e-01 5.60714257e-01 5.60341313e-01 5.60445644e-01 5.60938030e-01 5.61203874e-01 5.61141974e-01 5.60784385e-01 5.55564135e-01
5.84453611e-01 5.66473345e-01 5.63425910e-01 5.62062487e-01 5.60445274e-01 5.60046465e-01 5.60147801e-01 5.60640877e-01 5.60924884e-01 5.61065064e-01 5.61783408e-01 5.77070222e-01
5.83887511e-01 5.66305362e-01 5.63311379e-01 5.61890299e-01 5.60177094e-01 5.59753121e-01 5.59851077e-01 5.60341234e-01 5.60605848e-01 5.60530381e-01 5.59923416e-01 5.50666901e-01
5.83320996e-01 5.66133707e-01 5.63192955e-01 5.61716055e-01 5.59909696e-01 5.59461284e-01 5.59555921e-01 5.60043911e-01 5.60302694e-01 5.60237213e-01 5.58957913e-01 5.43488546e-01
5.82754087e-01 5.65958433e-01 5.63070689e-01 5.61539779e-01 5.59643055e-01 5.59170925e-01 5.59262205e-01 5.59747972e-01 5.60016254e-01 5.59979369e-01 5.58803702e-01 5.53859793e-01
5.82186805e-01 5.65779593e-01 5.62944634e-01 5.61361491e-01 5.59377146e-01 5.58882013e-01 5.58970070e-01 5.59455435e-01 5.59744561e-01 5.59917898e-01 5.61595864e-01 5.74887714e-01
5.81619171e-01 5.65597236e-01 5.62814841e-01 5.61181213e-01 5.59111943e-01 5.58594466e-01 5.58678943e-01 5.59160730e-01 5.59444381e-01 5.59619604e-01 5.61214081e-01 5.73941026e-01
5.81051205e-01 5.65411414e-01 5.62681361e-01 5.60998967e-01 5.58847423e-01 5.58308279e-01 5.58389085e-01 5.58866825e-01 5.59151157e-01 5.59313925e-01 5.60577969e-01 5.77409560e-01
5.80482926e-01 5.65222176e-01 5.62544243e-01 5.60814772e-01 5.58583562e-01 5.58023387e-01 5.58100353e-01 5.58571225e-01 5.58826539e-01 5.58804146e-01 5.58075009e-01 5.51141709e-01
5.79914354e-01 5.65029572e-01 5.62403537e-01 5.60628651e-01 5.58320340e-01 5.57739795e-01 5.57812829e-01 5.58277177e-01 5.58512244e-01 5.58317617e-01 5.55432087e-01 5.35009365e-01
5.79345508e-01 5.64833650e-01 5.62259292e-01 5.60440625e-01 5.58057739e-01 5.57457507e-01 5.57526947e-01 5.57988397e-01 5.58243878e-01 5.58259597e-01 5.57844448e-01 5.54790143e-01
5.78776407e-01 5.64634457e-01 5.62111555e-01 5.60250713e-01 5.57795732e-01 5.57176417e-01 5.57241979e-01 5.57697558e-01 5.57947914e-01 5.57936086e-01 5.57241718e-01 5.52190363e-01
5.78207070e-01 5.64432042e-01 5.61960375e-01 5.60058935e-01 5.57534297e-01 5.56896502e-01 5.56957882e-01 5.57404897e-01 5.57629949e-01 5.57338817e-01 5.54052549e-01 5.25969817e-01
5.77637515e-01 5.64226450e-01 5.61805798e-01 5.59865314e-01 5.57273423e-01 5.56617829e-01 5.56675613e-01 5.57119731e-01 5.57380779e-01 5.57451313e-01 5.58594639e-01 5.62330949e-01
5.77067759e-01 5.64017727e-01 5.61647869e-01 5.59669868e-01 5.57013079e-01 5.56340228e-01 5.56393981e-01 5.56830157e-01 5.57068313e-01 5.57073578e-01 5.56282259e-01 5.52613382e-01
5.76497821e-01 5.63805919e-01 5.61486635e-01 5.59472617e-01 5.56753251e-01 5.56063745e-01 5.56113327e-01 5.56540900e-01 5.56772754e-01 5.56696722e-01 5.55663286e-01 5.39852655e-01
5.75927717e-01 5.63591070e-01 5.61322141e-01 5.59273581e-01 5.56493921e-01 5.55788360e-01 5.55833960e-01 5.56254729e-01 5.56488111e-01 5.56437805e-01 5.55181200e-01 5.48251772e-01
5.75357465e-01 5.63373225e-01 5.61154432e-01 5.59072780e-01 5.56235069e-01 5.55514013e-01 5.55555602e-01 5.55968489e-01 5.56195505e-01 5.56167413e-01 5.55216527e-01 5.44335022e-01
5.74787082e-01 5.63152427e-01 5.60983550e-01 5.58870233e-01 5.55976678e-01 5.55240707e-01 5.55278239e-01 5.55684352e-01 5.55909024e-01 5.55951701e-01 5.55790119e-01 5.57050637e-01
5.74216583e-01 5.62928718e-01 5.60809539e-01 5.58665959e-01 5.55718729e-01 5.54968402e-01 5.55001924e-01 5.55400246e-01 5.55633270e-01 5.55691841e-01 5.56368624e-01 5.66962398e-01
5.73645986e-01 5.62702142e-01 5.60632442e-01 5.58459976e-01 5.55461206e-01 5.54697051e-01 5.54726364e-01 5.55115579e-01 5.55338922e-01 5.55387467e-01 5.55607937e-01 5.61709391e-01
5.73075306e-01 5.62472739e-01 5.60452301e-01 5.58252305e-01 5.55204092e-01 5.54426659e-01 5.54451868e-01 5.54831892e-01 5.55053359e-01 5.55106161e-01 5.55199727e-01 5.59527570e-01
5.72504559e-01 5.62240552e-01 5.60269158e-01 5.58042964e-01 5.54947369e-01 5.54157166e-01 5.54178072e-01 5.54548043e-01 5.54746401e-01 5.54691509e-01 5.53436354e-01 5.39234189e-01
5.71933760e-01 5.62005620e-01 5.60083053e-01 5.57831970e-01 5.54691026e-01 5.53888602e-01 5.53905503e-01 5.54267030e-01 5.54472688e-01 5.54477566e-01 5.55173105e-01 5.57870481e-01
5.71362925e-01 5.61767985e-01 5.59894028e-01 5.57619344e-01 5.54435045e-01 5.53620928e-01 5.53633840e-01 5.53988161e-01 5.54215445e-01 5.54431747e-01 5.56972125e-01 5.82129713e-01
5.70792067e-01 5.61527685e-01 5.59702123e-01 5.57405102e-01 5.54179405e-01 5.53354043e-01 5.53362475e-01 5.53703905e-01 5.53889566e-01 5.53812805e-01 5.53415402e-01 5.45265388e-01
5.70221203e-01 5.61284759e-01 5.59507376e-01 5.57189262e-01 5.53924098e-01 5.53088004e-01 5.53092154e-01 5.53421295e-01 5.53585973e-01 5.53411024e-01 5.50758927e-01 5.26484563e-01
5.69650347e-01 5.61039247e-01 5.59309827e-01 5.56971844e-01 5.53669112e-01 5.52822811e-01 5.52823022e-01 5.53145012e-01 5.53335344e-01 5.53353205e-01 5.53508404e-01 5.59381479e-01
5.69079512e-01 5.60791186e-01 5.59109515e-01 5.56752864e-01 5.53414425e-01 5.52558355e-01 5.52554258e-01 5.52864239e-01 5.53022528e-01 5.52825152e-01 5.50907508e-01 5.34869296e-01
5.68508713e-01 5.60540613e-01 5.58906477e-01 5.56532340e-01 5.53160030e-01 5.52294690e-01 5.52286477e-01 5.52587247e-01 5.52747576e-01 5.52610663e-01 5.50950927e-01 5.42160785e-01
5.67937963e-01 5.60287567e-01 5.58700751e-01 5.56310289e-01 5.52905911e-01 5.52031773e-01 5.52019533e-01 5.52309534e-01 5.52465140e-01 5.52418674e-01 5.51458592e-01 5.43167090e-01
5.67367275e-01 5.60032082e-01 5.58492374e-01 5.56086729e-01 5.52652058e-01 5.51769592e-01 5.51753543e-01 5.52035831e-01 5.52217264e-01 5.52472863e-01 5.53667724e-01 5.70949593e-01
5.66796664e-01 5.59774196e-01 5.58281383e-01 5.55861677e-01 5.52398450e-01 5.51508069e-01 5.51487804e-01 5.51757686e-01 5.51917882e-01 5.52024169e-01 5.52514259e-01 5.56023950e-01
5.66226142e-01 5.59513944e-01 5.58067814e-01 5.55635149e-01 5.52145079e-01 5.51247223e-01 5.51222617e-01 5.51480093e-01 5.51610939e-01 5.51464744e-01 5.50182561e-01 5.33587974e-01
5.65655722e-01 5.59251362e-01 5.57851702e-01 5.55407163e-01 5.51891941e-01 5.50987103e-01 5.50958895e-01 5.51208662e-01 5.51368608e-01 5.51537698e-01 5.52835368e-01 5.67269398e-01
5.65085416e-01 5.58986483e-01 5.57633083e-01 5.55177735e-01 5.51639011e-01 5.50727551e-01 5.50695048e-01 5.50930728e-01 5.51057546e-01 5.51010342e-01 5.50342751e-01 5.36381140e-01
5.64515237e-01 5.58719342e-01 5.57411991e-01 5.54946882e-01 5.51386288e-01 5.50468676e-01 5.50432341e-01 5.50658607e-01 5.50795930e-01 5.50830825e-01 5.51919933e-01 5.55907162e-01
5.63945197e-01 5.58449973e-01 5.57188462e-01 5.54714619e-01 5.51133756e-01 5.50210396e-01 5.50170145e-01 5.50386461e-01 5.50525445e-01 5.50711512e-01 5.51995455e-01 5.69085848e-01
5.63375309e-01 5.58178409e-01 5.56962528e-01 5.54480964e-01 5.50881401e-01 5.49952684e-01 5.49908338e-01 5.50112065e-01 5.50227213e-01 5.50217434e-01 5.50067591e-01 5.41330693e-01
5.62805583e-01 5.57904684e-01 5.56734223e-01 5.54245932e-01 5.50629222e-01 5.49695580e-01 5.49647632e-01 5.49841711e-01 5.49970450e-01 5.50216098e-01 5.52546366e-01 5.77288687e-01
5.62236031e-01 5.57628829e-01 5.56503581e-01 5.54009539e-01 5.50377196e-01 5.49438968e-01 5.49386743e-01 5.49565768e-01 5.49653354e-01 5.49476733e-01 5.48091606e-01 5.28553435e-01
5.61666665e-01 5.57350876e-01 5.56270634e-01 5.53771801e-01 5.50125327e-01 5.49182965e-01 5.49127222e-01 5.49297953e-01 5.49403061e-01 5.49503968e-01 5.49925220e-01 5.54372362e-01
5.61097496e-01 5.57070858e-01 5.56035414e-01 5.53532734e-01 5.49873592e-01 5.48927439e-01 5.48867625e-01 5.49025215e-01 5.49109028e-01 5.48965344e-01 5.47832363e-01 5.37779352e-01
5.60528535e-01 5.56788806e-01 5.55797953e-01 5.53292353e-01 5.49621991e-01 5.48672448e-01 5.48609030e-01 5.48755597e-01 5.48839902e-01 5.48795235e-01 5.48191325e-01 5.44105575e-01
5.59959793e-01 5.56504749e-01 5.55558283e-01 5.53050673e-01 5.49370515e-01 5.48417971e-01 5.48351166e-01 5.48489708e-01 5.48590799e-01 5.48850356e-01 5.50924745e-01 5.70901793e-01
5.59391280e-01 5.56218720e-01 5.55316434e-01 5.52807710e-01 5.49119145e-01 5.48163921e-01 5.48093237e-01 5.48218812e-01 5.48298261e-01 5.48403800e-01 5.49202237e-01 5.62817223e-01
5.58823007e-01 5.55930747e-01 5.55072437e-01 5.52563478e-01 5.48867879e-01 5.47910315e-01 5.47835686e-01 5.47946805e-01 5.48000097e-01 5.47809827e-01 5.45575274e-01 5.20924514e-01
5.58254984e-01 5.55640861e-01 5.54826323e-01 5.52317993e-01 5.48616714e-01 5.47657225e-01 5.47579380e-01 5.47682695e-01 5.47758855e-01 5.47833561e-01 5.49057935e-01 5.62701967e-01
5.57687221e-01 5.55349090e-01 5.54578121e-01 5.52071270e-01 5.48365631e-01 5.47404541e-01 5.47323151e-01 5.47414842e-01 5.47480658e-01 5.47575633e-01 5.48805971e-01 5.61821166e-01
5.57119728e-01 5.55055464e-01 5.54327861e-01 5.51823322e-01 5.48114626e-01 5.47152247e-01 5.47067245e-01 5.47146171e-01 5.47194044e-01 5.47073075e-01 5.46016460e-01 5.32893621e-01
5.56552515e-01 5.54760011e-01 5.54075572e-01 5.51574165e-01 5.47863695e-01 5.46900394e-01 5.46812079e-01 5.46881152e-01 5.46925337e-01 5.46998842e-01 5.46897878e-01 5.49898858e-01
5.55985592e-01 5.54462759e-01 5.53821283e-01 5.51323814e-01 5.47612828e-01 5.46648949e-01 5.46557476e-01 5.46617262e-01 5.46674306e-01 5.46920952e-01 5.48823110e-01 5.73556619e-01
5.55418967e-01 5.54163737e-01 5.53565022e-01 5.51072281e-01 5.47362012e-01 5.46397831e-01 5.46302807e-01 5.46347931e-01 5.46375519e-01 5.46304201e-01 5.45987392e-01 5.41768369e-01
5.54852651e-01 5.53862970e-01 5.53306818e-01 5.50819582e-01 5.47111249e-01 5.46147125e-01 5.46048968e-01 5.46085382e-01 5.46118918e-01 5.46203975e-01 5.47262011e-01 5.52787570e-01
5.54286651e-01 5.53560488e-01 5.53046698e-01 5.50565730e-01 5.46860525e-01 5.45896760e-01 5.45795366e-01 5.45819697e-01 5.45843225e-01 5.45899868e-01 5.46743846e-01 5.56796903e-01
5.53720978e-01 5.53256315e-01 5.52784690e-01 5.50310740e-01 5.46609838e-01 5.45646742e-01 5.45542251e-01 5.45556236e-01 5.45582095e-01 5.45658356e-01 5.46227792e-01 5.59758971e-01
5.53155639e-01 5.52950479e-01 5.52520820e-01 5.50054624e-01 5.46359174e-01 5.45397017e-01 5.45289112e-01 5.45290257e-01 5.45283798e-01 5.45095041e-01 5.43470487e-01 5.24538337e-01
5.52590645e-01 5.52643006e-01 5.52255115e-01 5.49797398e-01 5.46108535e-01 5.45147643e-01 5.45036742e-01 5.45025952e-01 5.45004768e-01 5.44823855e-01 5.42928193e-01 5.19252970e-01
5.52026002e-01 5.52333921e-01 5.51987602e-01 5.49539073e-01 5.45857915e-01 5.44898600e-01 5.44784886e-01 5.44765543e-01 5.44755001e-01 5.44759079e-01 5.44984271e-01 5.35640839e-01
5.51461719e-01 5.52023251e-01 5.51718307e-01 5.49279664e-01 5.45607299e-01 5.44649823e-01 5.44533020e-01 5.44501955e-01 5.44472959e-01 5.44304305e-01 5.42813580e-01 5.21030430e-01
5.50897805e-01 5.51711019e-01 5.51447256e-01 5.49019185e-01 5.45356690e-01 5.44401353e-01 5.44281811e-01 5.44242165e-01 5.44226547e-01 5.44230193e-01 5.44013271e-01 5.38591713e-01
5.50334268e-01 5.51397250e-01 5.51174473e-01 5.48757647e-01 5.45106081e-01 5.44153177e-01 5.44031098e-01 5.43983230e-01 5.43976462e-01 5.44206332e-01 5.46128267e-01 5.60788523e-01
5.49771114e-01 5.51081970e-01 5.50899985e-01 5.48495064e-01 5.44855459e-01 5.43905221e-01 5.43780191e-01 5.43719838e-01 5.43694525e-01 5.43660867e-01 5.44020355e-01 5.34270519e-01
5.49208354e-01 5.50765202e-01 5.50623816e-01 5.48231449e-01 5.44604828e-01 5.43657559e-01 5.43529980e-01 5.43461232e-01 5.43437531e-01 5.43495137e-01 5.44663141e-01 5.59633766e-01
5.48645993e-01 5.50446970e-01 5.50345990e-01 5.47966815e-01 5.44354177e-01 5.43410137e-01 5.43279840e-01 5.43200883e-01 5.43170748e-01 5.43260958e-01 5.44281424e-01 5.58903231e-01
5.48084039e-01 5.50127297e-01 5.50066532e-01 5.47701174e-01 5.44103504e-01 5.43162944e-01 5.43030247e-01 5.42941415e-01 5.42908144e-01 5.43066005e-01 5.44869497e-01 5.64465983e-01
5.47522500e-01 5.49806208e-01 5.49785466e-01 5.47434539e-01 5.43852798e-01 5.42915945e-01 5.42780465e-01 5.42679614e-01 5.42623073e-01 5.42524412e-01 5.42059028e-01 5.29233996e-01
5.46961383e-01 5.49483723e-01 5.49502815e-01 5.47166923e-01 5.43602065e-01 5.42669222e-01 5.42531461e-01 5.42422433e-01 5.42376702e-01 5.42441582e-01 5.42651020e-01 5.48042671e-01
5.46400695e-01 5.49159868e-01 5.49218602e-01 5.46898337e-01 5.43351291e-01 5.42422687e-01 5.42282479e-01 5.42163060e-01 5.42106014e-01 5.42175928e-01 5.42611476e-01 5.49398290e-01
5.45840442e-01 5.48834662e-01 5.48932851e-01 5.46628794e-01 5.43100478e-01 5.42176361e-01 5.42034041e-01 5.41906550e-01 5.41851513e-01 5.41973038e-01 5.43036521e-01 5.53557870e-01
5.45280633e-01 5.48508130e-01 5.48645585e-01 5.46358306e-01 5.42849614e-01 5.41930186e-01 5.41785467e-01 5.41647227e-01 5.41565450e-01 5.41455213e-01 5.40487829e-01 5.29842194e-01
5.44721273e-01 5.48180292e-01 5.48356825e-01 5.46086885e-01 5.42598705e-01 5.41684243e-01 5.41537364e-01 5.41390399e-01 5.41320016e-01 5.41307837e-01 5.41297271e-01 5.37793882e-01
5.44162370e-01 5.47851170e-01 5.48066595e-01 5.45814543e-01 5.42347739e-01 5.41438467e-01 5.41289492e-01 5.41133909e-01 5.41054918e-01 5.41035518e-01 5.40668719e-01 5.44150313e-01
5.43603929e-01 5.47520786e-01 5.47774916e-01 5.45541291e-01 5.42096715e-01 5.41192850e-01 5.41041862e-01 5.40876313e-01 5.40784394e-01 5.40736241e-01 5.40540332e-01 5.37013663e-01
5.43045957e-01 5.47189159e-01 5.47481809e-01 5.45267142e-01 5.41845628e-01 5.40947388e-01 5.40794314e-01 5.40619726e-01 5.40510617e-01 5.40430112e-01 5.39533946e-01 5.26175827e-01
5.42488460e-01 5.46856312e-01 5.47187297e-01 5.44992107e-01 5.41594477e-01 5.40702089e-01 5.40547140e-01 5.40363598e-01 5.40265901e-01 5.40197212e-01 5.39544987e-01 5.22870056e-01
5.41931445e-01 5.46522264e-01 5.46891400e-01 5.44716197e-01 5.41343258e-01 5.40456953e-01 5.40300246e-01 5.40108459e-01 5.40008847e-01 5.39987224e-01 5.39547782e-01 5.30725309e-01
5.41374917e-01 5.46187035e-01 5.46594140e-01 5.44439424e-01 5.41091965e-01 5.40211953e-01 5.40053542e-01 5.39855669e-01 5.39759511e-01 5.39771465e-01 5.40395611e-01 5.53621560e-01
5.40818882e-01 5.45850646e-01 5.46295537e-01 5.44161798e-01 5.40840597e-01 5.39967060e-01 5.39806973e-01 5.39599038e-01 5.39485184e-01 5.39447905e-01 5.39422674e-01 5.42693403e-01
5.40263346e-01 5.45513117e-01 5.45995611e-01 5.43883331e-01 5.40589149e-01 5.39722315e-01 5.39560559e-01 5.39345508e-01 5.39229877e-01 5.39270411e-01 5.39604720e-01 5.33843282e-01
5.39708315e-01 5.45174466e-01 5.45694383e-01 5.43604035e-01 5.40337621e-01 5.39477682e-01 5.39314408e-01 5.39091397e-01 5.38973464e-01 5.38979067e-01 5.39315371e-01 5.47266046e-01
5.39153795e-01 5.44834713e-01 5.45391872e-01 5.43323919e-01 5.40086006e-01 5.39233152e-01 5.39068438e-01 5.38837015e-01 5.38720455e-01 5.38736279e-01 5.38684633e-01 5.36115618e-01
5.38599791e-01 5.44493877e-01 5.45088098e-01 5.43042995e-01 5.39834306e-01 5.38988757e-01 5.38822805e-01 5.38586040e-01 5.38473409e-01 5.38621560e-01 5.40266154e-01 5.56862468e-01
5.38046307e-01 5.44151976e-01 5.44783081e-01 5.42761273e-01 5.39582514e-01 5.38744418e-01 5.38576882e-01 5.38331732e-01 5.38198304e-01 5.38250550e-01 5.38132607e-01 5.37037655e-01
5.37493351e-01 5.43809029e-01 5.44476840e-01 5.42478765e-01 5.39330629e-01 5.38500215e-01 5.38331492e-01 5.38079917e-01 5.37953598e-01 5.38059960e-01 5.39742964e-01 5.49606450e-01
5.36940926e-01 5.43465055e-01 5.44169394e-01 5.42195480e-01 5.39078648e-01 5.38256066e-01 5.38086030e-01 5.37825897e-01 5.37689471e-01 5.37704386e-01 5.37701074e-01 5.33199908e-01
5.36389037e-01 5.43120071e-01 5.43860761e-01 5.41911430e-01 5.38826572e-01 5.38012018e-01 5.37840932e-01 5.37573978e-01 5.37436625e-01 5.37482836e-01 5.37303373e-01 5.41382515e-01
5.35837691e-01 5.42774095e-01 5.43550961e-01 5.41626624e-01 5.38574393e-01 5.37768038e-01 5.37595803e-01 5.37320806e-01 5.37171875e-01 5.37131433e-01 5.37049998e-01 5.34183440e-01
5.35286891e-01 5.42427145e-01 5.43240011e-01 5.41341072e-01 5.38322114e-01 5.37524128e-01 5.37350892e-01 5.37069896e-01 5.36913273e-01 5.36748876e-01 5.35879434e-01 5.23306350e-01
5.34736643e-01 5.42079239e-01 5.42927929e-01 5.41054785e-01 5.38069733e-01 5.37280315e-01 5.37106295e-01 5.36820534e-01 5.36670952e-01 5.36669850e-01 5.36651962e-01 5.43007861e-01
5.34186951e-01 5.41730392e-01 5.42614734e-01 5.40767773e-01 5.37817241e-01 5.37036538e-01 5.36861539e-01 5.36569712e-01 5.36416519e-01 5.36473642e-01 5.37341377e-01 5.41283339e-01
5.33637820e-01 5.41380623e-01 5.42300443e-01 5.40480046e-01 5.37564644e-01 5.36792825e-01 5.36617098e-01 5.36318350e-01 5.36154431e-01 5.36214886e-01 5.36834385e-01 5.35273870e-01
5.33089254e-01 5.41029947e-01 5.41985074e-01 5.40191613e-01 5.37311938e-01 5.36549169e-01 5.36372725e-01 5.36069517e-01 5.35909222e-01 5.36005509e-01 5.36790101e-01 5.44092431e-01
5.32541258e-01 5.40678382e-01 5.41668643e-01 5.39902485e-01 5.37059117e-01 5.36305529e-01 5.36128432e-01 5.35817183e-01 5.35646410e-01 5.35560500e-01 5.35629781e-01 5.36917691e-01
5.31993837e-01 5.40325944e-01 5.41351169e-01 5.39612671e-01 5.36806186e-01 5.36061973e-01 5.35884448e-01 5.35570196e-01 5.35415722e-01 5.35627209e-01 5.36801606e-01 5.61970199e-01
5.31446993e-01 5.39972649e-01 5.41032666e-01 5.39322180e-01 5.36553136e-01 5.35818410e-01 5.35640100e-01 5.35317903e-01 5.35135947e-01 5.35061517e-01 5.33393317e-01 5.20618985e-01
5.30900732e-01 5.39618512e-01 5.40713154e-01 5.39031023e-01 5.36299975e-01 5.35574927e-01 5.35396354e-01 5.35071144e-01 5.34892751e-01 5.34855624e-01 5.34719113e-01 5.32164528e-01
5.30355058e-01 5.39263550e-01 5.40392646e-01 5.38739208e-01 5.36046691e-01 5.35331432e-01 5.35152368e-01 5.34821010e-01 5.34626849e-01 5.34593157e-01 5.34045629e-01 5.21419535e-01
5.29809975e-01 5.38907779e-01 5.40071161e-01 5.38446746e-01 5.35793293e-01 5.35088019e-01 5.34908902e-01 5.34574604e-01 5.34405117e-01 5.34464908e-01 5.36353694e-01 5.44740932e-01
5.29265486e-01 5.38551212e-01 5.39748714e-01 5.38153644e-01 5.35539773e-01 5.34844590e-01 5.34665138e-01 5.34325456e-01 5.34159041e-01 5.34199812e-01 5.35447588e-01 5.46801533e-01
5.28721596e-01 5.38193866e-01 5.39425321e-01 5.37859913e-01 5.35286132e-01 5.34601187e-01 5.34421615e-01 5.34078897e-01 5.33916590e-01 5.34067045e-01 5.36707408e-01 5.52671244e-01
5.28178308e-01 5.37835755e-01 5.39100997e-01 5.37565560e-01 5.35032365e-01 5.34357763e-01 5.34177983e-01 5.33827671e-01 5.33629487e-01 5.33614288e-01 5.33222750e-01 5.33750847e-01
5.27635626e-01 5.37476895e-01 5.38775758e-01 5.37270597e-01 5.34778475e-01 5.34114361e-01 5.33934440e-01 5.33580896e-01 5.33373346e-01 5.33300240e-01 5.32225296e-01 5.16087778e-01
5.27093554e-01 5.37117300e-01 5.38449620e-01 5.36975031e-01 5.34524462e-01 5.33870995e-01 5.33691179e-01 5.33332910e-01 5.33128570e-01 5.32994328e-01 5.32682616e-01 5.21886804e-01
5.26552095e-01 5.36756983e-01 5.38122597e-01 5.36678870e-01 5.34270324e-01 5.33627612e-01 5.33447753e-01 5.33085167e-01 5.32875162e-01 5.32785006e-01 5.31926774e-01 5.09049121e-01
5.26011252e-01 5.36395961e-01 5.37794705e-01 5.36382125e-01 5.34016057e-01 5.33384231e-01 5.33204487e-01 5.32837630e-01 5.32623352e-01 5.32382836e-01 5.30474831e-01 5.16187422e-01
5.25471030e-01 5.36034245e-01 5.37465957e-01 5.36084803e-01 5.33761669e-01 5.33140870e-01 5.32961710e-01 5.32595392e-01 5.32392776e-01 5.32456257e-01 5.33192151e-01 5.38326474e-01
5.24931431e-01 5.35671852e-01 5.37136370e-01 5.35786913e-01 5.33507149e-01 5.32897503e-01 5.32718773e-01 5.32348995e-01 5.32154042e-01 5.32315128e-01 5.33067653e-01 5.44120876e-01
5.24392459e-01 5.35308793e-01 5.36805956e-01 5.35488464e-01 5.33252502e-01 5.32654116e-01 5.32475803e-01 5.32104155e-01 5.31926529e-01 5.32101984e-01 5.34827205e-01 5.58415158e-01
5.23854116e-01 5.34945083e-01 5.36474731e-01 5.35189463e-01 5.32997721e-01 5.32410679e-01 5.32232632e-01 5.31855587e-01 5.31643033e-01 5.31580668e-01 5.30935348e-01 5.32534280e-01
5.23316407e-01 5.34580735e-01 5.36142709e-01 5.34889920e-01 5.32742815e-01 5.32167260e-01 5.31989803e-01 5.31610102e-01 5.31406569e-01 5.31428316e-01 5.31809257e-01 5.21698237e-01
5.22779333e-01 5.34215762e-01 5.35809903e-01 5.34589842e-01 5.32487781e-01 5.31923842e-01 5.31747033e-01 5.31366960e-01 5.31177985e-01 5.31326071e-01 5.32284123e-01 5.53968059e-01
5.22242899e-01 5.33850177e-01 5.35476327e-01 5.34289238e-01 5.32232611e-01 5.31680341e-01 5.31503986e-01 5.31119065e-01 5.30897314e-01 5.30664746e-01 5.29878266e-01 5.13941074e-01
5.21707107e-01 5.33483994e-01 5.35141995e-01 5.33988116e-01 5.31977312e-01 5.31436854e-01 5.31261154e-01 5.30873580e-01 5.30641305e-01 5.30492111e-01 5.29362569e-01 5.22205252e-01
5.21171959e-01 5.33117225e-01 5.34806920e-01 5.33686483e-01 5.31721882e-01 5.31193355e-01 5.31018496e-01 5.30630211e-01 5.30409705e-01 5.30239100e-01 5.28688085e-01 5.19058022e-01
5.20637460e-01 5.32749882e-01 5.34471115e-01 5.33384349e-01 5.31466322e-01 5.30949816e-01 5.30775911e-01 5.30385861e-01 5.30154990e-01 5.30059824e-01 5.29721716e-01 5.24555430e-01
5.20103610e-01 5.32381978e-01 5.34134595e-01 5.33081720e-01 5.31210630e-01 5.30706270e-01 5.30533361e-01 5.30142650e-01 5.29936106e-01 5.29973750e-01 5.30509781e-01 5.39140572e-01
5.19570414e-01 5.32013525e-01 5.33797370e-01 5.32778604e-01 5.30954807e-01 5.30462675e-01 5.30290750e-01 5.29899302e-01 5.29687296e-01 5.29662496e-01 5.31130034e-01 5.41219044e-01
5.19037873e-01 5.31644535e-01 5.33459455e-01 5.32475010e-01 5.30698849e-01 5.30219029e-01 5.30048249e-01 5.29656218e-01 5.29451724e-01 5.29469017e-01 5.30252739e-01 5.37568268e-01
5.18505991e-01 5.31275021e-01 5.33120862e-01 5.32170945e-01 5.30442760e-01 5.29975347e-01 5.29805551e-01 5.29411994e-01 5.29187667e-01 5.29248038e-01 5.29583054e-01 5.29635008e-01
5.17974769e-01 5.30904993e-01 5.32781604e-01 5.31866416e-01 5.30186540e-01 5.29731640e-01 5.29563027e-01 5.29167638e-01 5.28956646e-01 5.28930447e-01 5.28271894e-01 5.21615733e-01
5.17444211e-01 5.30534465e-01 5.32441692e-01 5.31561431e-01 5.29930187e-01 5.29487874e-01 5.29320401e-01 5.28923925e-01 5.28705231e-01 5.28612993e-01 5.27315007e-01 5.27145216e-01
5.16914318e-01 5.30163447e-01 5.32101139e-01 5.31255997e-01 5.29673701e-01 5.29244087e-01 5.29077842e-01 5.28679998e-01 5.28441840e-01 5.28308508e-01 5.26733734e-01 5.13670646e-01
5.16385093e-01 5.29791950e-01 5.31759958e-01 5.30950122e-01 5.29417085e-01 5.29000247e-01 5.28835477e-01 5.28438684e-01 5.28216943e-01 5.28151353e-01 5.27841375e-01 5.24452332e-01
5.15856538e-01 5.29419986e-01 5.31418160e-01 5.30643813e-01 5.29160336e-01 5.28756361e-01 5.28593167e-01 5.28195658e-01 5.27964790e-01 5.27952533e-01 5.27073148e-01 5.24263688e-01
5.15328656e-01 5.29047567e-01 5.31075756e-01 5.30337078e-01 5.28903459e-01 5.28512446e-01 5.28350802e-01 5.27956666e-01 5.27755830e-01 5.27837609e-01 5.29078339e-01 5.45819086e-01
5.14801448e-01 5.28674702e-01 5.30732760e-01 5.30029923e-01 5.28646449e-01 5.28268464e-01 5.28108542e-01 5.27714401e-01 5.27509964e-01 5.27656407e-01 5.28920244e-01 5.52074566e-01
5.14274917e-01 5.28301403e-01 5.30389181e-01 5.29722355e-01 5.28389305e-01 5.28024434e-01 5.27866062e-01 5.27472828e-01 5.27259680e-01 5.27325665e-01 5.29142156e-01 5.37330194e-01
5.13749065e-01 5.27927681e-01 5.30045032e-01 5.29414382e-01 5.28132031e-01 5.27780312e-01 5.27623418e-01 5.27229334e-01 5.27011024e-01 5.26923272e-01 5.26787629e-01 5.21194574e-01
5.13223893e-01 5.27553546e-01 5.29700323e-01 5.29106011e-01 5.27874628e-01 5.27536185e-01 5.27381095e-01 5.26987983e-01 5.26765329e-01 5.26708020e-01 5.26367585e-01 5.33423158e-01
5.12699404e-01 5.27179008e-01 5.29355066e-01 5.28797248e-01 5.27617093e-01 5.27291975e-01 5.27138555e-01 5.26745368e-01 5.26512998e-01 5.26357510e-01 5.24485026e-01 5.07548667e-01
5.12175600e-01 5.26804079e-01 5.29009272e-01 5.28488101e-01 5.27359428e-01 5.27047712e-01 5.26896222e-01 5.26504343e-01 5.26268454e-01 5.26176552e-01 5.24260374e-01 5.03768577e-01
5.11652482e-01 5.26428767e-01 5.28662952e-01 5.28178576e-01 5.27101638e-01 5.26803417e-01 5.26653969e-01 5.26264284e-01 5.26034878e-01 5.25980891e-01 5.25499045e-01 5.25577321e-01
5.11130052e-01 5.26053084e-01 5.28316116e-01 5.27868679e-01 5.26843717e-01 5.26559045e-01 5.26411662e-01 5.26022921e-01 5.25800938e-01 5.25747457e-01 5.26339651e-01 5.31226452e-01
5.10608313e-01 5.25677039e-01 5.27968776e-01 5.27558418e-01 5.26585667e-01 5.26314639e-01 5.26169401e-01 5.25784738e-01 5.25580200e-01 5.25590623e-01 5.27479535e-01 5.33983654e-01
5.10087265e-01 5.25300641e-01 5.27620940e-01 5.27247799e-01 5.26327489e-01 5.26070119e-01 5.25926841e-01 5.25542005e-01 5.25325286e-01 5.25203519e-01 5.24135366e-01 5.18475358e-01
5.09566911e-01 5.24923902e-01 5.27272621e-01 5.26936828e-01 5.26069183e-01 5.25825554e-01 5.25684437e-01 5.25300052e-01 5.25077038e-01 5.24898468e-01 5.23430838e-01 4.99614266e-01
5.09047251e-01 5.24546829e-01 5.26923828e-01 5.26625513e-01 5.25810754e-01 5.25580962e-01 5.25442314e-01 5.25063924e-01 5.24863895e-01 5.24932162e-01 5.25503284e-01 5.37092771e-01
5.08528289e-01 5.24169434e-01 5.26574571e-01 5.26313859e-01 5.25552194e-01 5.25336261e-01 5.25199550e-01 5.24819856e-01 5.24589270e-01 5.24471530e-01 5.22419264e-01 5.13357784e-01
5.08010024e-01 5.23791724e-01 5.26224860e-01 5.26001873e-01 5.25293515e-01 5.25091540e-01 5.24957443e-01 5.24583548e-01 5.24388934e-01 5.24503311e-01 5.25254407e-01 5.40152930e-01
5.07492459e-01 5.23413710e-01 5.25874706e-01 5.25689560e-01 5.25034708e-01 5.24846722e-01 5.24715157e-01 5.24344737e-01 5.24148447e-01 5.24148660e-01 5.25942779e-01 5.33198556e-01
5.06975595e-01 5.23035401e-01 5.25524117e-01 5.25376928e-01 5.24775774e-01 5.24601824e-01 5.24472405e-01 5.24102003e-01 5.23883579e-01 5.23751266e-01 5.23685130e-01 5.24631614e-01
5.06459434e-01 5.22656804e-01 5.25173104e-01 5.25063982e-01 5.24516719e-01 5.24356892e-01 5.24230166e-01 5.23863903e-01 5.23654285e-01 5.23657433e-01 5.23737760e-01 5.32043373e-01
5.05943977e-01 5.22277930e-01 5.24821676e-01 5.24750729e-01 5.24257541e-01 5.24111847e-01 5.23987483e-01 5.23624504e-01 5.23417834e-01 5.23194517e-01 5.21390734e-01 5.04542535e-01
5.05429225e-01 5.21898788e-01 5.24469843e-01 5.24437175e-01 5.23998243e-01 5.23866787e-01 5.23745196e-01 5.23385941e-01 5.23184008e-01 5.23200073e-01 5.22921979e-01 5.22667142e-01
5.04915179e-01 5.21519385e-01 5.24117614e-01 5.24123325e-01 5.23738824e-01 5.23621627e-01 5.23502830e-01 5.23146308e-01 5.22946427e-01 5.22763990e-01 5.21510943e-01 5.19765044e-01
5.04401841e-01 5.21139731e-01 5.23764998e-01 5.23809185e-01 5.23479284e-01 5.23376408e-01 5.23260329e-01 5.22908501e-01 5.22727318e-01 5.22718863e-01 5.22696857e-01 5.35648400e-01
5.03889212e-01 5.20759833e-01 5.23412004e-01 5.23494762e-01 5.23219626e-01 5.23131114e-01 5.23017766e-01 5.22669352e-01 5.22471174e-01 5.22388610e-01 5.22636013e-01 5.23926845e-01
5.03377293e-01 5.20379701e-01 5.23058641e-01 5.23180061e-01 5.22959849e-01 5.22885766e-01 5.22775453e-01 5.22431998e-01 5.22243626e-01 5.22225329e-01 5.23045648e-01 5.27093805e-01
5.02866086e-01 5.19999342e-01 5.22704918e-01 5.22865088e-01 5.22699956e-01 5.22640345e-01 5.22533127e-01 5.22196168e-01 5.22035271e-01 5.22266221e-01 5.24461417e-01 5.51468377e-01
5.02355590e-01 5.19618766e-01 5.22350845e-01 5.22549848e-01 5.22439942e-01 5.22394822e-01 5.22290428e-01 5.21956857e-01 5.21772797e-01 5.21739220e-01 5.21542933e-01 5.18557254e-01
5.01845808e-01 5.19237979e-01 5.21996429e-01 5.22234348e-01 5.22179813e-01 5.22149225e-01 5.22047731e-01 5.21717168e-01 5.21516399e-01 5.21432927e-01 5.21210014e-01 5.04884774e-01
5.01336741e-01 5.18856989e-01 5.21641679e-01 5.21918593e-01 5.21919570e-01 5.21903583e-01 5.21805241e-01 5.21480839e-01 5.21306557e-01 5.21435910e-01 5.21279912e-01 5.21145155e-01
5.00828388e-01 5.18475806e-01 5.21286604e-01 5.21602588e-01 5.21659213e-01 5.21657854e-01 5.21562474e-01 5.21242221e-01 5.21055305e-01 5.20913804e-01 5.20918179e-01 5.02595786e-01
5.00320752e-01 5.18094436e-01 5.20931212e-01 5.21286339e-01 5.21398745e-01 5.21412063e-01 5.21320057e-01 5.21005624e-01 5.20827583e-01 5.20796821e-01 5.21445990e-01 5.19976917e-01
4.99813834e-01 5.17712887e-01 5.20575512e-01 5.20969851e-01 5.21138162e-01 5.21166187e-01 5.21077214e-01 5.20765473e-01 5.20584662e-01 5.20498600e-01 5.18573235e-01 5.13955859e-01
4.99307633e-01 5.17331167e-01 5.20219511e-01 5.20653131e-01 5.20877471e-01 5.20920236e-01 5.20834411e-01 5.20529562e-01 5.20333867e-01 5.20223551e-01 5.18743672e-01 5.09341180e-01
4.98802151e-01 5.16949283e-01 5.19863218e-01 5.20336182e-01 5.20616670e-01 5.20674233e-01 5.20591930e-01 5.20292896e-01 5.20128478e-01 5.20050462e-01 5.19196768e-01 5.09363093e-01
4.98297389e-01 5.16567242e-01 5.19506640e-01 5.20019011e-01 5.20355763e-01 5.20428162e-01 5.20349564e-01 5.20058749e-01 5.19916606e-01 5.20087192e-01 5.21727105e-01 5.44532397e-01
4.97793348e-01 5.16185053e-01 5.19149787e-01 5.19701622e-01 5.20094741e-01 5.20181981e-01 5.20106507e-01 5.19818889e-01 5.19650214e-01 5.19562550e-01 5.19242812e-01 5.17664857e-01
4.97290028e-01 5.15802721e-01 5.18792665e-01 5.19384021e-01 5.19833616e-01 5.19935739e-01 5.19863798e-01 5.19582968e-01 5.19428271e-01 5.19415217e-01 5.19233408e-01 5.21998107e-01
4.96787430e-01 5.15420255e-01 5.18435282e-01 5.19066214e-01 5.19572388e-01 5.19689442e-01 5.19621063e-01 5.19347245e-01 5.19190396e-01 5.19180330e-01 5.18985726e-01 5.33050760e-01
4.96285554e-01 5.15037662e-01 5.18077646e-01 5.18748204e-01 5.19311052e-01 5.19443043e-01 5.19378273e-01 5.19110264e-01 5.18958004e-01 5.18873177e-01 5.18221254e-01 5.09328066e-01
4.95784402e-01 5.14654947e-01 5.17719764e-01 5.18429998e-01 5.19049616e-01 5.19196620e-01 5.19135625e-01 5.18875885e-01 5.18749425e-01 5.18848752e-01 5.20720745e-01 5.44995885e-01
4.95283974e-01 5.14272119e-01 5.17361645e-01 5.18111599e-01 5.18788074e-01 5.18950069e-01 5.18892683e-01 5.18638711e-01 5.18509969e-01 5.18460922e-01 5.20256932e-01 5.17477152e-01
4.94784270e-01 5.13889184e-01 5.17003294e-01 5.17793013e-01 5.18526430e-01 5.18703459e-01 5.18649835e-01 5.18402086e-01 5.18251860e-01 5.18232790e-01 5.17338456e-01 5.18716806e-01
4.94285291e-01 5.13506149e-01 5.16644720e-01 5.17474246e-01 5.18264688e-01 5.18456776e-01 5.18406701e-01 5.18165270e-01 5.18024868e-01 5.17813580e-01 5.17096351e-01 5.10758346e-01
4.93787038e-01 5.13123020e-01 5.16285931e-01 5.17155301e-01 5.18002851e-01 5.18210069e-01 5.18164179e-01 5.17932827e-01 5.17819588e-01 5.18066966e-01 5.19578796e-01 5.39768298e-01
4.93289511e-01 5.12739803e-01 5.15926932e-01 5.16836184e-01 5.17740912e-01 5.17963231e-01 5.17921141e-01 5.17695313e-01 5.17580226e-01 5.17785373e-01 5.19159391e-01 5.28316734e-01
4.92792711e-01 5.12356507e-01 5.15567731e-01 5.16516899e-01 5.17478876e-01 5.17716320e-01 5.17678091e-01 5.17458697e-01 5.17340173e-01 5.17263426e-01 5.18545923e-01 5.21900206e-01
4.92296638e-01 5.11973135e-01 5.15208335e-01 5.16197451e-01 5.17216743e-01 5.17469344e-01 5.17434958e-01 5.17221526e-01 5.17095732e-01 5.16822237e-01 5.14558982e-01 4.92107464e-01
4.91801292e-01 5.11589696e-01 5.14848750e-01 5.15877845e-01 5.16954521e-01 5.17222321e-01 5.17191987e-01 5.16987803e-01 5.16876177e-01 5.16748276e-01 5.16810710e-01 5.08722273e-01
4.91306674e-01 5.11206195e-01 5.14488985e-01 5.15558086e-01 5.16692204e-01 5.16975216e-01 5.16948962e-01 5.16751754e-01 5.16634711e-01 5.16530326e-01 5.15147874e-01 5.17436954e-01
4.90812784e-01 5.10822639e-01 5.14129045e-01 5.15238177e-01 5.16429798e-01 5.16728050e-01 5.16706099e-01 5.16519414e-01 5.16425876e-01 5.16422358e-01 5.16923235e-01 5.28880885e-01
4.90319623e-01 5.10439033e-01 5.13768937e-01 5.14918124e-01 5.16167297e-01 5.16480785e-01 5.16462847e-01 5.16284032e-01 5.16187504e-01 5.16221103e-01 5.15596311e-01 5.17214710e-01
4.89827191e-01 5.10055384e-01 5.13408667e-01 5.14597931e-01 5.15904707e-01 5.16233429e-01 5.16219621e-01 5.16047798e-01 5.15940783e-01 5.15661482e-01 5.14710014e-01 4.96088245e-01
4.89335488e-01 5.09671696e-01 5.13048243e-01 5.14277602e-01 5.15642033e-01 5.15986044e-01 5.15976482e-01 5.15813227e-01 5.15716455e-01 5.15644677e-01 5.15053762e-01 4.95968988e-01
4.88844514e-01 5.09287978e-01 5.12687670e-01 5.13957142e-01 5.15379273e-01 5.15738600e-01 5.15733451e-01 5.15580463e-01 5.15494505e-01 5.15505117e-01 5.16121375e-01 5.11868289e-01
4.88354270e-01 5.08904233e-01 5.12326955e-01 5.13636555e-01 5.15116422e-01 5.15491067e-01 5.15490134e-01 5.15344750e-01 5.15250116e-01 5.15179228e-01 5.15051023e-01 5.13442676e-01
4.87864756e-01 5.08520468e-01 5.11966104e-01 5.13315846e-01 5.14853491e-01 5.15243458e-01 5.15246825e-01 5.15110658e-01 5.15034371e-01 5.15111343e-01 5.14605632e-01 5.09105369e-01
4.87375972e-01 5.08136689e-01 5.11605123e-01 5.12995019e-01 5.14590479e-01 5.14995812e-01 5.15003781e-01 5.14878336e-01 5.14832515e-01 5.14918200e-01 5.16621205e-01 5.36090967e-01
4.86887918e-01 5.07752900e-01 5.11244019e-01 5.12674077e-01 5.14327380e-01 5.14748053e-01 5.14760448e-01 5.14643267e-01 5.14574493e-01 5.14515944e-01 5.14258473e-01 5.29929845e-01
4.86400594e-01 5.07369108e-01 5.10882797e-01 5.12353026e-01 5.14064200e-01 5.14500232e-01 5.14516857e-01 5.14407264e-01 5.14328896e-01 5.14117403e-01 5.13594646e-01 5.04551246e-01
4.85914001e-01 5.06985318e-01 5.10521464e-01 5.12031869e-01 5.13800946e-01 5.14252379e-01 5.14273768e-01 5.14175363e-01 5.14131389e-01 5.14220096e-01 5.15299629e-01 5.10600006e-01
4.85428139e-01 5.06601535e-01 5.10160025e-01 5.11710611e-01 5.13537612e-01 5.14004450e-01 5.14030376e-01 5.13941336e-01 5.13897828e-01 5.13985812e-01 5.15543327e-01 5.12052488e-01
4.84943008e-01 5.06217765e-01 5.09798486e-01 5.11389255e-01 5.13274203e-01 5.13756448e-01 5.13787044e-01 5.13706901e-01 5.13673709e-01 5.13819689e-01 5.15788786e-01 5.21321734e-01
4.84458607e-01 5.05834013e-01 5.09436853e-01 5.11067806e-01 5.13010716e-01 5.13508342e-01 5.13543484e-01 5.13471958e-01 5.13418653e-01 5.13265388e-01 5.11774021e-01 4.98981498e-01
4.83974937e-01 5.05450283e-01 5.09075132e-01 5.10746268e-01 5.12747157e-01 5.13260228e-01 5.13300070e-01 5.13238221e-01 5.13197166e-01 5.13126952e-01 5.11684969e-01 5.19106015e-01
4.83491997e-01 5.05066582e-01 5.08713329e-01 5.10424644e-01 5.12483526e-01 5.13012023e-01 5.13056611e-01 5.13006585e-01 5.12983153e-01 5.12951326e-01 5.12468647e-01 5.11543072e-01
4.83009789e-01 5.04682914e-01 5.08351448e-01 5.10102939e-01 5.12219823e-01 5.12763730e-01 5.12812961e-01 5.12771160e-01 5.12740379e-01 5.12521173e-01 5.12204575e-01 5.05892496e-01
4.82528311e-01 5.04299284e-01 5.07989496e-01 5.09781156e-01 5.11956052e-01 5.12515423e-01 5.12569509e-01 5.12540761e-01 5.12522825e-01 5.12552577e-01 5.11743159e-01 5.04076940e-01
4.82047564e-01 5.03915697e-01 5.07627477e-01 5.09459299e-01 5.11692212e-01 5.12267059e-01 5.12326123e-01 5.12309049e-01 5.12312464e-01 5.12409273e-01 5.12929161e-01 5.29114617e-01
4.81567548e-01 5.03532158e-01 5.07265398e-01 5.09137373e-01 5.11428301e-01 5.12018579e-01 5.12082441e-01 5.12074555e-01 5.12061326e-01 5.11989549e-01 5.11082100e-01 5.09777693e-01
4.81088262e-01 5.03148672e-01 5.06903264e-01 5.08815380e-01 5.11164328e-01 5.11770084e-01 5.11838979e-01 5.11841630e-01 5.11846617e-01 5.11989666e-01 5.12111104e-01 5.23514159e-01
4.80609706e-01 5.02765243e-01 5.06541079e-01 5.08493325e-01 5.10900290e-01 5.11521508e-01 5.11595423e-01 5.11608048e-01 5.11617532e-01 5.11724194e-01 5.12491245e-01 5.18554638e-01
4.80131881e-01 5.02381877e-01 5.06178849e-01 5.08171211e-01 5.10636185e-01 5.11272841e-01 5.11351518e-01 5.11373219e-01 5.11384299e-01 5.11231379e-01 5.11232122e-01 5.06134975e-01
4.79654787e-01 5.01998577e-01 5.05816580e-01 5.07849042e-01 5.10372021e-01 5.11024155e-01 5.11107737e-01 5.11140783e-01 5.11140735e-01 5.11097768e-01 5.08411130e-01 4.86524213e-01
4.79178422e-01 5.01615348e-01 5.05454276e-01 5.07526821e-01 5.10107798e-01 5.10775406e-01 5.10864062e-01 5.10908816e-01 5.10926282e-01 5.10693767e-01 5.08865534e-01 5.07316128e-01
4.78702787e-01 5.01232195e-01 5.05091942e-01 5.07204553e-01 5.09843513e-01 5.10526572e-01 5.10620404e-01 5.10674821e-01 5.10670662e-01 5.10521376e-01 5.08507667e-01 4.80447131e-01
4.78227881e-01 5.00849122e-01 5.04729583e-01 5.06882240e-01 5.09579171e-01 5.10277706e-01 5.10376539e-01 5.10442750e-01 5.10452908e-01 5.10330200e-01 5.09099329e-01 4.98922443e-01
4.77753706e-01 5.00466134e-01 5.04367205e-01 5.06559887e-01 5.09314776e-01 5.10028811e-01 5.10133102e-01 5.10213840e-01 5.10263639e-01 5.10312088e-01 5.10408174e-01 5.25527923e-01
4.77280259e-01 5.00083235e-01 5.04004811e-01 5.06237496e-01 5.09050324e-01 5.09779841e-01 5.09889274e-01 5.09981058e-01 5.10022071e-01 5.10024962e-01 5.09795849e-01 5.00784564e-01
4.76807541e-01 4.99700430e-01 5.03642407e-01 5.05915072e-01 5.08785818e-01 5.09530801e-01 5.09645512e-01 5.09749590e-01 5.09810106e-01 5.09766059e-01 5.11211319e-01 5.24737762e-01
4.76335552e-01 4.99317722e-01 5.03279998e-01 5.05592617e-01 5.08521258e-01 5.09281705e-01 5.09401704e-01 5.09517389e-01 5.09570307e-01 5.09428466e-01 5.08097230e-01 5.12083856e-01
4.75864292e-01 4.98935115e-01 5.02917588e-01 5.05270135e-01 5.08256647e-01 5.09032564e-01 5.09157828e-01 5.09285087e-01 5.09344107e-01 5.09394691e-01 5.08689274e-01 4.99869578e-01
4.75393759e-01 4.98552614e-01 5.02555181e-01 5.04947630e-01 5.07991989e-01 5.08783383e-01 5.08914106e-01 5.09054360e-01 5.09133619e-01 5.09151815e-01 5.09007235e-01 5.14589792e-01
4.74923955e-01 4.98170223e-01 5.02192783e-01 5.04625104e-01 5.07727279e-01 5.08534124e-01 5.08670053e-01 5.08821794e-01 5.08892591e-01 5.08928200e-01 5.07555673e-01 4.93701775e-01
4.74454877e-01 4.97787946e-01 5.01830398e-01 5.04302561e-01 5.07462523e-01 5.08284822e-01 5.08426206e-01 5.08590940e-01 5.08659614e-01 5.08606306e-01 5.08738718e-01 5.11856256e-01
4.73986527e-01 4.97405787e-01 5.01468030e-01 5.03980004e-01 5.07197722e-01 5.08035497e-01 5.08182378e-01 5.08358687e-01 5.08446942e-01 5.08455052e-01 5.07932490e-01 5.13619122e-01
4.73518904e-01 4.97023750e-01 5.01105683e-01 5.03657437e-01 5.06932877e-01 5.07786088e-01 5.07938549e-01 5.08128405e-01 5.08225769e-01 5.08205562e-01 5.09171805e-01 5.01563586e-01
4.73052007e-01 4.96641838e-01 5.00743363e-01 5.03334862e-01 5.06667988e-01 5.07536656e-01 5.07694281e-01 5.07895600e-01 5.08004532e-01 5.07875261e-01 5.08267157e-01 4.96138922e-01
4.72585836e-01 4.96260055e-01 5.00381073e-01 5.03012284e-01 5.06403060e-01 5.07287180e-01 5.07450632e-01 5.07666430e-01 5.07791786e-01 5.07796114e-01 5.08078308e-01 5.08034023e-01
4.72120391e-01 4.95878406e-01 5.00018818e-01 5.02689704e-01 5.06138089e-01 5.07037632e-01 5.07206710e-01 5.07434808e-01 5.07557319e-01 5.07582943e-01 5.07674076e-01 5.26017854e-01
4.71655671e-01 4.95496894e-01 4.99656601e-01 5.02367126e-01 5.05873081e-01 5.06788040e-01 5.06962576e-01 5.07203727e-01 5.07342415e-01 5.07374567e-01 5.08135734e-01 5.10963494e-01
4.71191676e-01 4.95115522e-01 4.99294428e-01 5.02044553e-01 5.05608034e-01 5.06538412e-01 5.06718593e-01 5.06971882e-01 5.07125260e-01 5.07198494e-01 5.07022216e-01 5.13624149e-01
4.70728405e-01 4.94734295e-01 4.98932301e-01 5.01721988e-01 5.05342950e-01 5.06288729e-01 5.06474602e-01 5.06740418e-01 5.06880334e-01 5.06944939e-01 5.05955074e-01 4.99329183e-01
4.70265858e-01 4.94353215e-01 4.98570226e-01 5.01399435e-01 5.05077833e-01 5.06039039e-01 5.06230564e-01 5.06511707e-01 5.06665528e-01 5.06741392e-01 5.06171313e-01 5.06167269e-01
4.69804034e-01 4.93972287e-01 4.98208206e-01 5.01076895e-01 5.04812679e-01 5.05789244e-01 5.05986224e-01 5.06279321e-01 5.06432180e-01 5.06272063e-01 5.04165477e-01 4.97816830e-01
4.69342933e-01 4.93591514e-01 4.97846245e-01 5.00754373e-01 5.04547497e-01 5.05539471e-01 5.05742323e-01 5.06048282e-01 5.06196476e-01 5.06152570e-01 5.06253757e-01 4.89751754e-01
4.68882555e-01 4.93210899e-01 4.97484346e-01 5.00431871e-01 5.04282283e-01 5.05289638e-01 5.05498406e-01 5.05818751e-01 5.05993264e-01 5.06157565e-01 5.05823530e-01 5.14446985e-01
4.68422898e-01 4.92830446e-01 4.97122515e-01 5.00109391e-01 5.04017038e-01 5.05039742e-01 5.05254125e-01 5.05587942e-01 5.05764650e-01 5.05767632e-01 5.06061926e-01 5.02205211e-01
4.67963963e-01 4.92450157e-01 4.96760754e-01 4.99786937e-01 5.03751769e-01 5.04789851e-01 5.05010192e-01 5.05357676e-01 5.05557632e-01 5.05589735e-01 5.07227595e-01 5.11756368e-01
4.67505749e-01 4.92070037e-01 4.96399068e-01 4.99464512e-01 5.03486467e-01 5.04539874e-01 5.04766058e-01 5.05128189e-01 5.05330923e-01 5.05446839e-01 5.06356565e-01 5.05146902e-01
4.67048255e-01 4.91690089e-01 4.96037460e-01 4.99142118e-01 5.03221145e-01 5.04289881e-01 5.04521908e-01 5.04897027e-01 5.05108456e-01 5.05064346e-01 5.06287886e-01 5.13968933e-01
4.66591480e-01 4.91310316e-01 4.95675933e-01 4.98819758e-01 5.02955794e-01 5.04039852e-01 5.04277597e-01 5.04666738e-01 5.04862765e-01 5.04882203e-01 5.05611110e-01 5.04970191e-01
4.66135425e-01 4.90930720e-01 4.95314492e-01 4.98497436e-01 5.02690424e-01 5.03789797e-01 5.04033605e-01 5.04437768e-01 5.04661693e-01 5.04748268e-01 5.06220129e-01 5.09719323e-01
4.65680089e-01 4.90551306e-01 4.94953141e-01 4.98175153e-01 5.02425032e-01 5.03539695e-01 5.03789384e-01 5.04206556e-01 5.04436105e-01 5.04481718e-01 5.05854442e-01 5.16785795e-01
4.65225470e-01 4.90172076e-01 4.94591881e-01 4.97852912e-01 5.02159615e-01 5.03289538e-01 5.03545039e-01 5.03974588e-01 5.04192857e-01 5.04078474e-01 5.01915620e-01 4.93974557e-01
4.64771569e-01 4.89793034e-01 4.94230718e-01 4.97530716e-01 5.01894185e-01 5.03039401e-01 5.03301073e-01 5.03748048e-01 5.04003798e-01 5.04023701e-01 5.03977579e-01 5.17380069e-01
4.64318385e-01 4.89414182e-01 4.93869655e-01 4.97208568e-01 5.01628734e-01 5.02789204e-01 5.03056991e-01 5.03517515e-01 5.03766198e-01 5.03719458e-01 5.04126445e-01 5.00254837e-01
4.63865916e-01 4.89035523e-01 4.93508694e-01 4.96886470e-01 5.01363270e-01 5.02538987e-01 5.02812680e-01 5.03287553e-01 5.03547107e-01 5.03546378e-01 5.03250492e-01 5.07346454e-01
4.63414164e-01 4.88657060e-01 4.93147840e-01 4.96564425e-01 5.01097789e-01 5.02288735e-01 5.02568642e-01 5.03059819e-01 5.03325283e-01 5.03532471e-01 5.03914797e-01 5.13032908e-01
4.62963126e-01 4.88278797e-01 4.92787096e-01 4.96242435e-01 5.00832293e-01 5.02038443e-01 5.02324489e-01 5.02828789e-01 5.03113996e-01 5.03009492e-01 5.02345587e-01 5.02988543e-01
4.62512802e-01 4.87900736e-01 4.92426464e-01 4.95920504e-01 5.00566786e-01 5.01788151e-01 5.02080172e-01 5.02600823e-01 5.02890686e-01 5.02990128e-01 5.03335257e-01 5.01278925e-01
4.62063192e-01 4.87522880e-01 4.92065949e-01 4.95598632e-01 5.00301268e-01 5.01537806e-01 5.01835928e-01 5.02370434e-01 5.02669325e-01 5.02811229e-01 5.02630268e-01 5.15469502e-01
4.61614295e-01 4.87145231e-01 4.91705554e-01 4.95276824e-01 5.00035740e-01 5.01287424e-01 5.01591693e-01 5.02140657e-01 5.02448564e-01 5.02412107e-01 5.02532953e-01 4.91691702e-01
4.61166110e-01 4.86767794e-01 4.91345281e-01 4.94955081e-01 4.99770204e-01 5.01037056e-01 5.01347825e-01 5.01913025e-01 5.02229031e-01 5.02275967e-01 5.02778885e-01 5.09924755e-01
4.60718636e-01 4.86390569e-01 4.90985134e-01 4.94633406e-01 4.99504660e-01 5.00786622e-01 5.01103216e-01 5.01683829e-01 5.02003836e-01 5.02073289e-01 5.00823557e-01 4.82822809e-01
4.60271873e-01 4.86013560e-01 4.90625116e-01 4.94311802e-01 4.99239112e-01 5.00536198e-01 5.00859127e-01 5.01453642e-01 5.01754122e-01 5.01689308e-01 5.01752693e-01 4.91976803e-01
4.59825821e-01 4.85636769e-01 4.90265230e-01 4.93990270e-01 4.98973559e-01 5.00285740e-01 5.00614914e-01 5.01225728e-01 5.01541384e-01 5.01710449e-01 5.00667664e-01 5.05279974e-01
4.59380477e-01 4.85260200e-01 4.89905479e-01 4.93668813e-01 4.98708001e-01 5.00035262e-01 5.00370786e-01 5.00995160e-01 5.01327173e-01 5.01470040e-01 5.01840464e-01 4.91583221e-01
4.58935843e-01 4.84883855e-01 4.89545866e-01 4.93347433e-01 4.98442444e-01 4.99784804e-01 5.00126854e-01 5.00770520e-01 5.01121623e-01 5.01422956e-01 5.01459790e-01 5.10242066e-01
4.58491916e-01 4.84507735e-01 4.89186394e-01 4.93026133e-01 4.98176881e-01 4.99534281e-01 4.99882364e-01 5.00538863e-01 5.00902167e-01 5.01056384e-01 5.02704728e-01 4.98772374e-01
4.58048696e-01 4.84131845e-01 4.88827066e-01 4.92704915e-01 4.97911324e-01 4.99283734e-01 4.99638369e-01 5.00311623e-01 5.00668257e-01 5.00868990e-01 5.02018920e-01 5.16553852e-01
4.57606183e-01 4.83756186e-01 4.88467885e-01 4.92383781e-01 4.97645764e-01 4.99033176e-01 4.99393913e-01 5.00081283e-01 5.00463998e-01 5.00438611e-01 5.00844409e-01 4.97005010e-01
4.57164375e-01 4.83380760e-01 4.88108854e-01 4.92062733e-01 4.97380212e-01 4.98782627e-01 4.99149843e-01 4.99853391e-01 5.00227374e-01 5.00371905e-01 4.99896738e-01 4.85130192e-01
4.56723272e-01 4.83005571e-01 4.87749975e-01 4.91741775e-01 4.97114660e-01 4.98532030e-01 4.98905541e-01 4.99627022e-01 5.00032322e-01 5.00242196e-01 5.01538360e-01 5.06457401e-01
4.56282873e-01 4.82630620e-01 4.87391251e-01 4.91420907e-01 4.96849117e-01 4.98281465e-01 4.98661615e-01 4.99399178e-01 4.99817388e-01 5.00054906e-01 5.01485941e-01 5.18540595e-01
